x = 0:1:15;
y = -3.4:0.32:8;
z = 10:-1.23:1
t = 0:10 * pi : 15^2;


