A=[1, 2, 3;4, 5, 6;7, 8, 9]
B=[1, 2, 3;4, 5, 6;7, 8, 9]

m1 = A * B
m2 = A .* B
c = % %
