# Created by Octave 9.2.0, Tue Oct 22 18:02:06 2024 GMT <unknown@DESKTOP-C5683GN>
# name: a
# type: scalar
3.1320000000000001


# name: b
# type: scalar
-23.004000000000001


# name: c
# type: scalar
15.707963267948966


# name: d
# type: scalar
7.9577471545947667


